8							
0	292.015411	615.754821	148.222805	344.419802	603.756573	239.102488	350.838994
292.015411	0	521.046063	177.395039	537.088447	372.978552	531.015066	551.928437
615.754821	521.046063	0	490.831947	518.336763	308.93365	764.429199	537.841984
148.222805	177.395039	490.831947	0	365.202683	455.548022	373.871636	378.726814
344.419802	537.088447	518.336763	365.202683	0	677.295357	317.327906	20.223748
603.756573	372.978552	308.93365	455.548022	677.295357	0	818.828431	697.207286
239.102488	531.015066	764.429199	373.871636	317.327906	818.828431	0	309.260408
350.838994	551.928437	537.841984	378.726814	20.223748	697.207286	309.260408	0
